silva|AF084850|1|1436|	0
silva|BA000021|136582|138132|	0.20017597888253413	0
silva|EU918692|1|1499|	0.1746590409150902	0.11966564012318526	0
silva|AE014299|2973049|2974577|	0.18961724593048834	0.10646722393312802	0.07963044434667843	0
silva|AY613472|1|1538|	0.20457545094588647	0.10514738231412235	0.1187857457105147	0.10690717113946324	0
silva|CR378665|83603|85179|	0.19929608446986358	0.11306643202815658	0.10822701275846902	0.09370875494940611	0.11130664320281569	0
silva|M27039|1|1547|	0.20721513418389792	0.09194896612406511	0.12010558732952048	0.11174659040915091	0.11394632644082714	0.12142542894852615	0
silva|AY513500|1|1491|	0.17157941047074354	0.11438627364716236	0.0809502859656841	0.09018917729872411	0.11526616805983281	0.09810822701275845	0.11922569291684992	0
silva|D78004|1|1483|	0.18301803783545978	0.12494500659920804	0.09678838539375278	0.10866695996480424	0.11262648482182136	0.11570611526616803	0.11350637923449192	0.09502859656841178	0
silva|AJ232231|1|1477|	0.16805983282006154	0.11350637923449192	0.07127144742630886	0.09810822701275845	0.1187857457105147	0.10998680158380991	0.10910690717113947	0.06995160580730309	0.0558732952045754	0
silva|AB045730|1|1534|	0.19357677078750546	0.09810822701275845	0.09414870215574134	0.09106907171139467	0.09150901891772989	0.08446986361636599	0.08051033875934888	0.08710954685437744	0.0756709194896612	0.0681918169819622	0
silva|U90316|1|1541|	0.19709634843818746	0.095468543774747	0.09238891333040034	0.09018917729872411	0.08315002199736032	0.08886933567971844	0.07699076110866698	0.09018917729872411	0.0809502859656841	0.07127144742630886	0.025076990761108697	0
silva|EF643609|1|1542|	0.1940167179938408	0.09018917729872411	0.09018917729872411	0.08710954685437744	0.0809502859656841	0.08754949406071266	0.06951165860096786	0.08842938847338322	0.07919049714034321	0.06907171139463264	0.02551693796744392	0.012758468983721905	0
silva|AL646052|3277704|3279237|	0.19005719313682357	0.14166300043994717	0.13814342278926528	0.12802463704355482	0.1293444786625605	0.14958205015398152	0.14870215574131107	0.15354157501099863	0.1619005719313682	0.1566212054553454	0.1346238451385834	0.1333040035195776	0.13286405631324238	0
silva|BX640428|97283|98814|	0.20413550373955125	0.14430268367795862	0.13638363396392428	0.1275846898372195	0.1385833699956005	0.15926088869335675	0.15222173339199296	0.1544214694236692	0.1619005719313682	0.1566212054553454	0.13726352837659483	0.13374395072591294	0.1333040035195776	0.0629124505059393	0
silva|BX640417|66117|67648|	0.2050153981522217	0.14430268367795862	0.13594368675758906	0.12714474263088427	0.1385833699956005	0.15882094148702153	0.1531016278046634	0.1544214694236692	0.1619005719313682	0.1566212054553454	0.13726352837659483	0.13374395072591294	0.1333040035195776	0.06335239771227452	0.0013198416190056683	0
silva|EU693450|1|1505|	0.18081830180378355	0.15750109986801586	0.1293444786625605	0.1346238451385834	0.1456225252969644	0.15926088869335675	0.16454025516937965	0.13814342278926528	0.1438627364716234	0.1421029476462824	0.13814342278926528	0.14122305323361195	0.14078310602727673	0.08710954685437744	0.0989881214254289	0.10030796304443468	0
silva|AF310340|1|1471|	0.16761988561372632	0.17333919929608443	0.13154421469423672	0.14254289485261773	0.16630004399472065	0.17685877694676644	0.16849978002639687	0.13638363396392428	0.14342278926528818	0.13286405631324238	0.15354157501099863	0.15794104707435108	0.15794104707435108	0.11482622085349758	0.11042674879014514	0.11130664320281569	0.08446986361636599	0
silva|AF442743|1|2165|	0.4601847778266608	0.4139903211614606	0.39683238011438626	0.3831940167179938	0.4082710074791025	0.40915090189177294	0.40519137703475583	0.4047514298284206	0.4175098988121425	0.4122305323361196	0.3884733831940167	0.3919929608446986	0.3919929608446986	0.39287285525736915	0.39463264408271004	0.39507259128904526	0.4012318521777387	0.41091069071711395	0
silva|AE003849|172274|173818|	0.1852177738671359	0.1350637923449186	0.12714474263088427	0.11526616805983281	0.1350637923449186	0.14078310602727673	0.1311042674879015	0.1350637923449186	0.1526616805983282	0.1421029476462824	0.12098548174219093	0.1205455345358557	0.11922569291684992	0.11306643202815658	0.11702595688517381	0.11746590409150903	0.1258249010118786	0.13990321161460628	0.3092828860536736	0
silva|EU071537|1|1509|	0.18213814342278922	0.14122305323361195	0.11086669599648047	0.12494500659920804	0.13990321161460628	0.1509018917729873	0.14166300043994717	0.12318521777386715	0.1368235811702596	0.12450505939287282	0.1223053233611967	0.12450505939287282	0.12274527056753193	0.14518257809062918	0.14342278926528818	0.1438627364716234	0.12450505939287282	0.1346238451385834	0.40035195776506816	0.12318521777386715	0
silva|AY342037|1|1457|	0.17509898812142544	0.16146062472503298	0.12802463704355482	0.13638363396392428	0.15046194456665196	0.16805983282006154	0.15574131104267486	0.12318521777386715	0.15530136383633963	0.1368235811702596	0.1473823141223053	0.14430268367795862	0.14078310602727673	0.14694236691597007	0.1509018917729873	0.1509018917729873	0.1403431588209415	0.14650241970963485	0.4047514298284206	0.13242410910690716	0.12714474263088427	0
silva|EU620069|1|1570|	0.21293444786625604	0.1548614166300044	0.1293444786625605	0.1258249010118786	0.1491421029476463	0.14254289485261773	0.1456225252969644	0.1346238451385834	0.15926088869335675	0.1544214694236692	0.1275846898372195	0.13022437307523094	0.1275846898372195	0.14826220853497585	0.14298284205895295	0.14342278926528818	0.14826220853497585	0.16586009678838542	0.38539375274967	0.12450505939287282	0.12714474263088427	0.1421029476462824	0
silva|X06684|1|1537|	0.19885613726352835	0.14166300043994717	0.12318521777386715	0.11834579850417948	0.12802463704355482	0.13198416190057194	0.12846458424989005	0.1346238451385834	0.14254289485261773	0.14122305323361195	0.11438627364716236	0.11262648482182136	0.10998680158380991	0.12670479542454904	0.12142542894852615	0.12186537615486137	0.13154421469423672	0.15046194456665196	0.38759348878134625	0.11350637923449192	0.11614606247250325	0.13022437307523094	0.06511218653761552	0
silva|AY574913|1|1531|	0.18653761548614167	0.13066432028156616	0.10382754069511657	0.09018917729872411	0.12494500659920804	0.11306643202815658	0.1223053233611967	0.11042674879014514	0.13066432028156616	0.1258249010118786	0.09942806863176423	0.10470743510778702	0.10382754069511657	0.12450505939287282	0.12142542894852615	0.12186537615486137	0.12274527056753193	0.13726352837659483	0.36691597008359	0.09986801583809946	0.10646722393312802	0.11922569291684992	0.04795424549054117	0.05103387593488784	0
silva|AY362360|1|1510|	0.18257809062912456	0.1887373515178179	0.1531016278046634	0.16146062472503298	0.1781786185657721	0.18301803783545978	0.18301803783545978	0.1548614166300044	0.16805983282006154	0.16586009678838542	0.1671799384073911	0.170699516058073	0.16981962164540254	0.18389793224813022	0.18389793224813022	0.18389793224813022	0.17025956885173776	0.18389793224813022	0.4390673119225693	0.16673999120105587	0.15618125824901008	0.17157941047074354	0.19005719313682357	0.174219093708755	0.1654201495820502	0
silva|AE017180|1224149|1225696|	0.17157941047074354	0.1689397272327321	0.16058073031236253	0.1385833699956005	0.15750109986801586	0.15882094148702153	0.15618125824901008	0.16322041355037398	0.17597888253409588	0.17333919929608443	0.14342278926528818	0.1456225252969644	0.14518257809062918	0.15750109986801586	0.15618125824901008	0.1566212054553454	0.15354157501099863	0.17113946326440832	0.40915090189177294	0.1403431588209415	0.16410030796304442	0.16454025516937965	0.1619005719313682	0.15046194456665196	0.13550373955125383	0.13198416190057194	0
silva|AE005673|2840172|2841610|	0.15882094148702153	0.19885613726352835	0.18081830180378355	0.17377914650241966	0.19005719313682357	0.1940167179938408	0.2014958205015398	0.183457985041795	0.17729872415310166	0.17949846018477777	0.17949846018477777	0.18213814342278922	0.18213814342278922	0.1799384073911131	0.17861856577210733	0.1781786185657721	0.17157941047074354	0.1746590409150902	0.4474263088429389	0.174219093708755	0.18389793224813022	0.18653761548614167	0.19489661240651124	0.18257809062912456	0.17025956885173776	0.174219093708755	0.16805983282006154	0
silva|AF208508|1|1472|	0.17157941047074354	0.18961724593048834	0.18961724593048834	0.17201935767707877	0.18565772107347123	0.18741750989881212	0.1940167179938408	0.19577650681918168	0.19533655961284646	0.19313682358117024	0.17905851297844255	0.1799384073911131	0.17905851297844255	0.17333919929608443	0.17333919929608443	0.1728992520897492	0.1746590409150902	0.1922569291684998	0.43994720633523976	0.1654201495820502	0.183457985041795	0.19181698196216457	0.18741750989881212	0.17377914650241966	0.16410030796304442	0.18609766827980645	0.16234051913770342	0.09722833260008801	0
silva|AY513527|1|1412|	0.14122305323361195	0.20589529256489225	0.1671799384073911	0.1887373515178179	0.1997360316761989	0.20193576770787502	0.20985481742190937	0.16849978002639687	0.17905851297844255	0.16586009678838542	0.18829740431148267	0.18961724593048834	0.19005719313682357	0.1922569291684998	0.19137703475582934	0.1922569291684998	0.170699516058073	0.16673999120105587	0.45622525296964367	0.18301803783545978	0.1764188297404311	0.16673999120105587	0.20457545094588647	0.18961724593048834	0.17597888253409588	0.1746590409150902	0.18301803783545978	0.09282886053673556	0.09634843818741756	0
silva|BX897699|1583137|1584628|	0.17333919929608443	0.18081830180378355	0.1799384073911131	0.16673999120105587	0.1746590409150902	0.18565772107347123	0.18213814342278922	0.18917729872415312	0.19357677078750546	0.19665640123185213	0.17157941047074354	0.1728992520897492	0.170699516058073	0.17025956885173776	0.16586009678838542	0.16673999120105587	0.1764188297404311	0.19357677078750546	0.4368675758908931	0.16146062472503298	0.18125824901011878	0.18785745710514734	0.17685877694676644	0.16454025516937965	0.15750109986801586	0.18301803783545978	0.16234051913770342	0.10646722393312802	0.08710954685437744	0.06731192256929164	0
silva|AJ250247|1|1455|	0.15926088869335675	0.1922569291684998	0.16410030796304442	0.17157941047074354	0.1869775626924769	0.19357677078750546	0.192696876374835	0.1728992520897492	0.17553893532776066	0.18037835459744833	0.18037835459744833	0.18565772107347123	0.18433787945446545	0.1781786185657721	0.17861856577210733	0.17949846018477777	0.15794104707435108	0.17905851297844255	0.44478662560492743	0.170699516058073	0.17025956885173776	0.17377914650241966	0.19137703475582934	0.17773867135943688	0.16586009678838542	0.16673999120105587	0.16937967443906732	0.1007479102507699	0.09722833260008801	0.05147382314122306	0.02551693796744392	0
silva|AY026912|1|1458|	0.1799384073911131	0.19929608446986358	0.17905851297844255	0.18301803783545978	0.2014958205015398	0.2050153981522217	0.1962164540255169	0.19665640123185213	0.17949846018477777	0.17729872415310166	0.18961724593048834	0.1940167179938408	0.19181698196216457	0.19753629564452269	0.20017597888253413	0.20061592608886936	0.19005719313682357	0.1869775626924769	0.45622525296964367	0.181698196216454	0.1764188297404311	0.18917729872415312	0.2014958205015398	0.18785745710514734	0.17509898812142544	0.19445666520017602	0.19577650681918168	0.13550373955125383	0.14474263088429384	0.1403431588209415	0.14606247250329962	0.1350637923449186	0
silva|U12460|1|1436|	0.1583809942806863	0.1979762428508579	0.17333919929608443	0.1799384073911131	0.1979762428508579	0.20633523977122747	0.2014958205015398	0.17685877694676644	0.17729872415310166	0.1746590409150902	0.19357677078750546	0.2014958205015398	0.19929608446986358	0.190937087549494	0.1962164540255169	0.19709634843818746	0.18081830180378355	0.17553893532776066	0.45930488341399034	0.18653761548614167	0.16586009678838542	0.17377914650241966	0.2032556093268808	0.19577650681918168	0.18081830180378355	0.18389793224813022	0.1979762428508579	0.12010558732952048	0.1403431588209415	0.11482622085349758	0.1346238451385834	0.11922569291684992	0.11394632644082714	0
silva|AJ235272|177323|178829|	0.18829740431148267	0.17861856577210733	0.18829740431148267	0.172459304883414	0.17861856577210733	0.192696876374835	0.18081830180378355	0.192696876374835	0.20193576770787502	0.20589529256489225	0.17861856577210733	0.18081830180378355	0.17773867135943688	0.17201935767707877	0.17597888253409588	0.17685877694676644	0.18917729872415312	0.2067751869775627	0.4456665200175979	0.1689397272327321	0.17377914650241966	0.18917729872415312	0.17949846018477777	0.17597888253409588	0.16849978002639687	0.19445666520017602	0.18125824901011878	0.1368235811702596	0.1333040035195776	0.1438627364716234	0.11526616805983281	0.1275846898372195	0.13418389793224816	0.041355037395512495	0
silva|AANK01000003|466|1969|	0.20369555653321603	0.20193576770787502	0.2032556093268808	0.18741750989881212	0.192696876374835	0.20193576770787502	0.1869775626924769	0.2050153981522217	0.2102947646282446	0.21425428948526182	0.18037835459744833	0.18565772107347123	0.183457985041795	0.1904971403431588	0.19841619005719313	0.19885613726352835	0.19929608446986358	0.21425428948526182	0.45930488341399034	0.1852177738671359	0.20633523977122747	0.21249450065992082	0.20237571491421025	0.1869775626924769	0.17773867135943688	0.1979762428508579	0.17597888253409588	0.172459304883414	0.172459304883414	0.20017597888253413	0.17377914650241966	0.18037835459744833	0.18301803783545978	0.18741750989881212	0.1728992520897492	0
silva|U07573|1|1470|	0.1887373515178179	0.19577650681918168	0.18125824901011878	0.17861856577210733	0.19489661240651124	0.19929608446986358	0.19137703475582934	0.18477782666080067	0.19665640123185213	0.19841619005719313	0.18301803783545978	0.18829740431148267	0.18565772107347123	0.18213814342278922	0.1887373515178179	0.18917729872415312	0.17949846018477777	0.1940167179938408	0.4527056753189618	0.17729872415310166	0.18125824901011878	0.19357677078750546	0.2014958205015398	0.18785745710514734	0.17597888253409588	0.181698196216454	0.18125824901011878	0.15046194456665196	0.15618125824901008	0.1728992520897492	0.16761988561372632	0.16146062472503298	0.1671799384073911	0.16454025516937965	0.16498020237571487	0.09942806863176423	0
silva|AY062899|1|1492|	0.19753629564452269	0.19709634843818746	0.19709634843818746	0.18477782666080067	0.18961724593048834	0.1979762428508579	0.1940167179938408	0.19533655961284646	0.20985481742190937	0.21293444786625604	0.18785745710514734	0.1922569291684998	0.19005719313682357	0.1852177738671359	0.18741750989881212	0.18741750989881212	0.19137703475582934	0.2050153981522217	0.45578530576330845	0.18081830180378355	0.19445666520017602	0.20633523977122747	0.2032556093268808	0.19181698196216457	0.1799384073911131	0.1887373515178179	0.18213814342278922	0.16805983282006154	0.16102067751869775	0.1904971403431588	0.17201935767707877	0.17729872415310166	0.1781786185657721	0.17333919929608443	0.15926088869335675	0.10734711834579846	0.05675318961724596	0
	silva|AF084850|1|1436|	silva|BA000021|136582|138132|	silva|EU918692|1|1499|	silva|AE014299|2973049|2974577|	silva|AY613472|1|1538|	silva|CR378665|83603|85179|	silva|M27039|1|1547|	silva|AY513500|1|1491|	silva|D78004|1|1483|	silva|AJ232231|1|1477|	silva|AB045730|1|1534|	silva|U90316|1|1541|	silva|EF643609|1|1542|	silva|AL646052|3277704|3279237|	silva|BX640428|97283|98814|	silva|BX640417|66117|67648|	silva|EU693450|1|1505|	silva|AF310340|1|1471|	silva|AF442743|1|2165|	silva|AE003849|172274|173818|	silva|EU071537|1|1509|	silva|AY342037|1|1457|	silva|EU620069|1|1570|	silva|X06684|1|1537|	silva|AY574913|1|1531|	silva|AY362360|1|1510|	silva|AE017180|1224149|1225696|	silva|AE005673|2840172|2841610|	silva|AF208508|1|1472|	silva|AY513527|1|1412|	silva|BX897699|1583137|1584628|	silva|AJ250247|1|1455|	silva|AY026912|1|1458|	silva|U12460|1|1436|	silva|AJ235272|177323|178829|	silva|AANK01000003|466|1969|	silva|U07573|1|1470|	silva|AY062899|1|1492|